240 240 0 0 0 0 0 0 9.81 0 0 0 0
239.871 240.022 0.245339 -0.673221 0.153318 1.21422 0.18364 -0.326926 14.0028 0.306067 -0.544877 6.98797 0.6
239.696 240.069 0.567228 -1.04179 0.318162 2.00347 0.108106 -0.532275 13.812 -0.377669 -1.02674 -0.953859 0.2
236.943 241.808 16.7782 -1.62666 1.01448 17.5681 -0.0457023 -1.57167 19.6453 -0.0854493 -1.07338 8.12059 1.8
234.889 241.556 48.8036 -0.846425 -1.00385 17.1256 -0.34493 -0.727911 -0.0261433 -0.187018 0.527347 -12.4898 1.6
233.193 239.567 63.3864 -0.848405 -0.984635 -2.54277 -0.393071 -1.57619 -0.0261433 -0.12504 -1.52842 -5.7467 2
232.387 236.813 57.1056 -0.135678 -4.89183 -4.7158 -0.393071 -1.29771 17.3452 -0.372068 0.232067 14.4761 1.2
235.03 218.566 49.665 2.20423 -11.2629 -7.94185 -0.393071 -1.06624 0.402181 -0.0722456 0.115731 -8.47153 2
240.89 192.372 31.8806 3.57784 -15.1353 -2.55834 -0.0352287 -1.38083 19.6802 0.178921 -0.157292 13.3412 2
241.608 189.33 31.5524 3.60353 -15.2985 -0.792097 -0.0536777 -1.44512 17.6393 -0.0922451 -0.321451 -10.2046 0.2
246.989 166.698 42.1685 2.65322 -11.0629 14.0856 0.332059 -1.31468 19.6408 0.241086 0.0815227 5.63818 1.6
246.735 157.15 75.4416 -4.18055 -1.6139 27.4629 0.393283 -0.581391 19.6408 0.284763 0.458306 10.1786 1.6
234.338 161.591 132.85 -6.48658 3.95012 23.2506 0.393283 -1.57409 -0.054579 0.070417 -1.22809 -11.5516 2
227.851 165.531 151.17 -6.48665 3.92921 13.3902 0.393283 -1.57409 -0.054579 0.131899 -0.591424 -12.349 1
225.257 167.101 155.737 -6.48667 3.92084 9.44607 0.393283 -1.57409 -0.054579 0.228025 -0.570115 -14.6431 0.4
221.365 169.45 159.63 -6.48586 3.90889 3.5296 0.356407 -1.43 -0.054579 -0.061461 0.240151 -12.2075 0.6
220.068 170.231 160.139 -6.48567 3.90517 1.55734 0.341595 -1.57325 -0.054579 -0.0740584 -0.965671 -4.71672 0.2
210.451 176.193 155.711 -7.72332 4.51814 -5.65434 0.171939 0.189892 9.62764 -0.121183 1.25938 6.91587 1.4
205.556 178.878 152.097 -8.53904 4.47295 -6.66288 0.160457 -0.0986609 6.8587 -0.0191365 -0.480921 -4.6149 0.6
202.064 180.683 149.105 -8.89138 4.56644 -8.50768 0.191409 -0.44481 3.69781 0.0773805 -0.865372 -7.90223 0.4
192.647 185.716 138.875 -10.0821 5.92172 -10.5966 0.262173 -1.10662 12.1766 0.0707639 -0.661807 8.47882 1
174.922 197.895 128.534 -11.6706 8.49258 0.0137764 -0.0101946 -0.852298 19.6454 -0.17023 0.158949 5.72318 1.6
165.76 204.168 130.779 -11.3196 6.71475 4.42701 -0.315642 -1.57568 11.4716 -0.381809 -1.09053 -10.2172 0.8
161.239 206.535 132.718 -11.2638 5.03125 5.46688 -0.337855 -1.50339 14.7389 -0.0555339 0.180736 8.16815 0.4
150.111 209.277 138.955 -11.0339 0.87953 5.83722 -0.393127 -1.53033 7.25663 -0.372621 -0.026943 -7.48225 1
145.699 209.402 141.118 -11.0301 -0.249145 5.16886 -0.280292 -1.57238 9.98122 0.282089 -0.442592 6.81148 0.4
126.865 206.909 143.894 -10.1252 -1.66065 -5.29977 -0.170042 0.668441 -0.00573041 0.0612497 1.2449 -6.71016 1.8
118.764 205.58 136.514 -10.1253 -1.66069 -13.1523 0.132661 1.04999 -0.00573041 0.378379 0.476937 -11.3965 0.8
112.668 204.559 127.198 -10.2237 -1.76573 -17.3288 0.0602182 0.675793 5.72551 -0.120738 -0.623663 9.55206 0.6
108.551 203.823 120.076 -10.3723 -1.94871 -17.9376 0.0804176 1.04625 10.893 0.0504983 0.92614 12.9187 0.4
96.5109 201.676 99.609 -8.84252 -1.27868 -16.0138 -0.315876 0.232999 12.2542 -0.330245 -0.677708 1.13435 1.2
84.7669 196.373 69.7155 -4.47192 -5.51499 -14.6476 -0.347901 -1.57546 9.93998 -0.0160127 -1.03637 -1.15712 2
80.6831 189.438 53.8777 -3.48292 -7.90063 -17.9302 -0.393763 -0.663792 4.16415 -0.247901 0.911666 -5.77583 1
79.252 175.761 23.2151 3.22558 -8.31717 -16.8602 -0.393763 0.327817 18.5301 -0.00686722 0.619756 8.9787 1.6
84.2883 168.982 10.1631 5.63486 -5.5837 -9.18491 -0.0408973 1.57247 17.4831 0.352866 1.45573 -1.04695 1
86.542 166.889 7.21054 5.63334 -4.6757 -5.47674 -0.193454 1.57247 19.6541 -0.381392 1.01222 14.0062 0.4
92.1741 162.957 4.74027 5.63226 -4.02483 -1.28658 0.145339 1.57247 8.50391 0.338793 0.545417 -11.1502 1
95.5417 160.393 3.67947 5.59106 -4.40439 -2.31635 0.00994219 1.25798 7.74619 -0.225661 -0.524144 -1.26286 0.6
102.433 153.626 0.620511 3.18826 -5.25504 -0.559167 0.301294 -0.069686 14.7879 0.208109 -0.948333 5.0298 1.4
103.566 146.116 6.5131 -0.690142 -4.1297 8.6565 0.0294859 -0.640998 16.8642 -0.16988 -0.35707 1.29765 1.6
103.422 145.295 8.37187 -0.745072 -4.08795 9.86389 0.0137104 -0.661779 14.8376 -0.0788776 -0.103905 -10.1328 0.2
102.596 142.174 16.8066 -1.43567 -3.66968 9.88923 0.226182 -0.458044 4.98345 0.265589 0.254669 -12.3177 0.8
99.6106 135.826 20.6126 -1.67901 -3.51832 -6.63201 0.393256 -1.57318 -0.0290912 0.137699 -0.766418 -10.2646 1.8
98.9392 134.473 17.3052 -1.67804 -3.11223 -9.57416 0.391636 -1.57318 5.34167 -0.0040515 -0.283438 13.4269 0.4
97.9334 133.033 11.1344 -1.67458 -1.66362 -10.2285 0.177897 -1.57318 12.7859 -0.356232 -0.483497 12.407 0.6
96.9088 132.482 5.82502 -1.77932 -0.113625 -6.92155 0.158324 -1.43884 18.2929 -0.0326207 0.223898 9.17835 0.6
95.3757 133.143 1.66811 1.74433 1.16081 -0.977768 -0.3927 0.899811 7.93981 -0.353598 1.16933 -5.17654 2
98.0787 135.111 0.239736 3.48398 2.38826 -1.10411 -0.0693742 0.211467 11.9916 0.323326 -0.688344 4.05181 1