240 240 0 0 0 0 0 0 9.81 0 0 0 0
239.663 239.958 3.50647 -0.907293 -0.147172 7.9951 0.083878 0.232348 19.6426 0.0698983 0.193624 12.7974 1.2
238.891 239.773 10.0644 -1.56601 -0.491869 13.8698 0.0439768 0.790084 19.6426 -0.0665019 0.929559 7.14448 0.6
236.689 238.711 31.4737 -2.00399 -1.27437 19.8958 0.0597661 1.36434 10.0596 0.0131577 0.478546 -7.98586 1.2
232.847 235.007 59.4574 -2.18123 -2.3715 7.91377 0.393198 1.5264 -0.000285359 0.349144 0.0900332 -8.70987 1.8
232.41 234.527 60.8587 -2.19178 -2.46254 6.17279 0.393198 1.41999 2.39309 0.298289 -0.532064 11.9669 0.2
230.21 231.091 64.7679 -2.19469 -4.85242 3.20596 0.299806 1.57501 12.1088 -0.093392 1.01103 9.71567 1
229.771 230.053 65.4333 -2.19192 -5.50982 3.39305 0.293757 1.57501 10.3651 -0.0302455 1.47232 -8.7181 0.2
226.277 218.266 66.9368 -2.17938 -8.48475 -3.99314 0.3929 1.57501 0.673478 0.0930919 0.341013 -6.05729 1.6
223.665 207.145 57.3474 -2.17015 -10.6774 -10.4746 0.3929 1.57501 8.87136 0.297575 0.38964 6.83157 1.2
219.601 185.431 34.8681 -2.15883 -12.068 -15.3194 -0.225769 1.1295 5.67364 -0.343705 -0.247506 -1.77651 1.8
217.107 172.008 15.6868 -2.07332 -10.295 -14.7331 -0.0829698 1.57407 15.154 0.118999 1.45762 7.90027 1.2
216.285 167.982 10.3061 -2.02108 -9.85946 -11.9476 -0.0490798 1.31503 18.4672 0.0847251 -0.647607 8.28299 0.4
214.419 159.756 2.94316 -1.79887 -5.42683 -2.91541 -0.393239 1.57138 19.6261 -0.364189 0.372416 4.16398 1
213.34 157.541 2.283 -1.80061 -2.42902 0.00734943 -0.250202 1.57138 11.416 0.238395 0.0473526 -13.6835 0.6
212.984 157.109 2.29292 -1.732 -1.90004 0.00928865 -0.28301 1.30678 8.93984 -0.164041 -1.323 -12.3809 0.2
212.396 156.559 2.22523 -1.05601 -0.826953 -0.284566 -0.393072 0.753011 10.3234 -0.278638 -1.38441 3.45883 0.4
213.25 158.105 1.20343 1.93737 3.03901 -1.43216 -0.350064 1.08465 8.97933 0.0307198 0.236888 -0.960028 1.4
214.81 160.399 0.0909943 2.97094 3.94215 -1.9784 -0.0187889 -0.249477 9.79606 0.331275 -1.33413 0.816736 1