240 240 0 0 0 0 0 0 9.81 0 0 0 0
239.713 239.913 1.0919 -1.15968 -0.47062 4.05762 0.189345 0.550177 19.6509 0.236681 0.687721 12.977 0.8
235.519 238.112 10.3234 -4.21305 -1.6412 5.05735 0.273838 0.0746609 1.92221 0.0603521 -0.339654 -12.6633 1.4
231.197 236.463 11.5661 -4.2455 -1.64316 -2.42681 -0.21609 0.0806929 2.77624 -0.489928 0.006032 0.854028 1
230.365 236.136 10.9453 -4.05675 -1.61806 -3.74854 -0.354392 0.171617 3.90911 -0.691509 0.454621 5.66433 0.2
229.582 235.818 10.0888 -3.7606 -1.55707 -4.73655 -0.255417 0.233033 6.29353 0.494872 0.30708 11.9221 0.2
220.587 232.439 7.38328 -9.31444 -2.63323 6.09118 0.507387 0.185048 19.6678 0.381402 -0.0239924 11.5794 2
209.631 230.105 13.8447 -18.3619 -2.70421 9.24104 0.785937 -0.15866 16.1612 0.537396 -0.429636 -4.38327 0.8
161.199 225.684 47.2751 -22.2152 -0.64848 25.3979 -0.576287 0.505979 19.6473 -0.681112 0.33232 12.9917 2
152.999 225.745 57.8899 -18.9539 0.741474 27.4738 -0.489145 0.28505 15.2268 0.217855 -0.552324 -11.0511 0.4
126.2 228.15 107.295 -11.0948 1.05213 17.3543 -0.787421 -0.553718 -0.00842627 -0.537434 -0.419384 -9.29924 2
112.273 229.323 123.626 -7.6033 0.835108 7.15727 -0.787421 0.18257 7.1687 -0.320659 0.52592 5.12652 1.4
107.747 229.521 130.995 1.52793 -2.2239 4.86983 -0.660317 -0.744658 14.5329 0.0907885 -0.662306 5.26015 1.4
127.567 219.558 139.979 17.8561 -3.95782 3.0799 -0.788298 0.596879 10.5933 -0.698078 0.670768 -1.96978 2
169.619 217.37 146.845 21.1912 -0.94697 5.49057 0.343825 0.78725 13.1349 0.566061 0.538786 1.27078 2
185.088 215.123 152.834 16.8922 -5.26192 10.1506 0.54832 0.78725 19.6328 0.255619 0.546992 11.9228 0.8
206.905 197.257 171.702 8.27855 -9.95412 2.7657 0.786702 -0.220169 -0.0308003 0.286058 -0.50371 -12.1505 2
216.064 179.417 166.54 -1.29387 -10.4824 -5.28515 0.786702 0.192226 15.1467 0.509948 0.229109 8.43194 1.8
210.19 165.752 158.918 -6.38713 -11.855 -9.53285 0.272143 0.431935 0.29316 -0.428799 0.199757 -12.3779 1.2
206.282 158.608 151.891 -6.68108 -11.9703 -13.2009 0.0722171 0.330078 7.18361 -0.33321 -0.169761 11.4841 0.6
194.534 142.256 131.294 -11.3449 -10.2355 -16.1958 0.780647 -0.718927 10.1871 0.506022 -0.749289 2.14534 1.4
180.43 133.534 116.205 -15.9772 -8.12241 -11.6947 0.00158268 0.0376517 19.6558 -0.779064 0.756579 11.0315 1
173.941 130.281 112.31 -16.7078 -8.14753 -7.80149 0.184906 0.0327048 19.6558 0.458307 -0.0123672 13.7027 0.4
151.928 120.232 110.563 -11.9669 -3.85904 4.39415 -0.665446 0.786964 19.6558 -0.607394 0.682588 5.83291 1.4
141.038 119.51 116.208 -2.92747 0.324718 -4.26032 -0.786338 -0.572279 -0.0459266 -0.250123 -0.679622 -12.835 2
139.486 119.515 112.178 -1.92361 -0.646336 -8.66503 -0.741563 -0.786251 6.83512 0.0746261 -0.717226 11.4684 0.6
138.83 118.628 105.928 -0.444173 -2.1283 -12.4405 -0.785686 -0.786251 3.0756 -0.519098 -0.429258 -6.26586 0.6
139.897 112.928 77.0415 -0.00498357 -2.56823 -16.6256 0.43878 -0.786251 12.7598 0.680259 -0.0103661 5.38009 1.8
139.034 110.291 53.6945 0.418043 -2.1623 -18.6339 -0.633558 -0.209568 4.76302 -0.765956 0.411916 -5.71196 1.4
142.811 105.919 20.9343 0.311168 -3.39943 -12.8096 0.437985 0.463127 19.6435 0.595302 0.37372 10.1573 1.8
140.827 101.767 11.6794 -2.84729 -4.33207 -6.36763 -0.0642097 -0.195914 13.8783 -0.502195 -0.659041 -5.76519 1
139.381 99.1468 8.50087 -1.80789 -4.3584 -4.37432 -0.201194 0.0989848 12.636 -0.228308 0.491498 -2.07048 0.6
139.063 98.2778 7.6606 -1.40899 -4.34 -4.11314 -0.152514 -0.0165841 9.9541 0.243405 -0.577845 -13.4095 0.2
138.817 97.4089 6.82716 -1.02968 -4.35182 -4.27851 -0.267029 -0.0440108 8.41874 -0.572578 -0.137133 -7.67676 0.2
138.429 94.7864 4.05226 -0.565864 -4.37441 -4.83552 0.0860467 -0.0710259 9.50471 0.58846 -0.0450252 1.80995 0.6
137.857 90.4255 0.0975907 -0.0643263 -4.08985 -1.95372 -0.199574 0.643818 17.1341 -0.238017 0.595703 6.35784 1.2
