240 240 0 0 0 0 0 0 9.81 0 0 0 0
240.211 240.054 0.526681 0.646078 0.224371 1.57248 -0.115405 0.490308 13.0091 -0.115405 0.490308 3.19912 1
244.434 241.91 4.85356 8.58515 3.65977 5.35662 -0.788105 0.361184 17.3279 -0.632633 -0.107603 3.599 1.2
274.787 252.522 25.1283 21.4762 6.68619 19.1469 -0.0185369 -0.00855968 19.6284 0.427538 -0.205413 7.711 1.8
292.333 257.971 43.5732 22.6599 7.15748 26.9378 -0.146101 0.607032 19.6284 -0.159455 0.76949 5.61355 0.8
296.926 259.443 49.1414 23.3407 7.59764 28.6839 -0.286005 0.54658 18.3603 -0.699521 -0.302259 -6.3405 0.2
311.427 264.286 68.0153 24.404 8.2055 34.3716 0.0729765 0.424001 19.6374 0.598303 -0.2043 9.95165 0.6
336.89 271.152 115.169 16.2837 1.07022 42.8076 0.786447 0.786764 19.6374 0.721892 0.462119 1.8195 1.2
342.647 270.822 132.576 12.5726 -2.65107 44.1281 0.786447 0.786764 17.4858 0.312379 0.0813865 -5.37889 0.4
348.881 255.136 215.968 -6.59234 -12.8041 48.4427 0.786447 0.185207 17.077 0.142348 -0.334198 -0.227164 1.8
340.859 244.011 254.827 -12.2686 -14.9922 47.8325 0.590312 0.632519 6.67074 -0.245168 0.55914 -13.0078 0.8
320.108 219.124 321.56 -13.0677 -15.6378 34.1463 -0.257716 0.786327 -0.0166911 -0.530018 0.234822 -9.76267 1.6
293.976 187.852 370.201 -13.0603 -15.6304 14.4965 0.788222 0.786327 -0.0166911 0.606341 0.724004 -13.6342 2
291.36 184.722 372.91 -13.1214 -15.6917 12.6206 0.788222 0.786327 1.23758 0.0818521 0.435598 6.27133 0.2
286.031 178.366 377.312 -13.5871 -16.1451 9.57317 0.53422 0.76103 4.23192 -0.635004 -0.0632424 7.48587 0.4
265.886 154.637 384.026 -14.9493 -17.512 -0.461027 0.409941 0.78777 1.73286 -0.0887707 0.617079 -1.78505 1.4
241.29 126.067 372.027 -15.6936 -18.0707 -14.9133 0.787289 0.440552 0.228379 0.469728 -0.217011 -0.9403 1.6
209.433 89.3211 329.664 -14.12 -19.8568 -24.3941 -0.711085 -0.786438 10.8285 -0.749187 -0.617095 5.30005 2
196.819 57.0968 296.742 -2.42919 -25.3757 -20.6084 -0.588763 -0.144096 19.6324 0.0873728 0.458816 6.9596 1.4
198.15 25.0578 274.136 2.53815 -27.6269 -19.6216 -0.129314 -0.788363 3.73987 0.382874 -0.78093 -13.2438 1.2
201.239 -8.13874 244.093 2.57868 -27.6677 -30.9002 0.172739 -0.788363 -0.0347279 0.251711 -0.553023 -13.2442 1.2
202.572 -40.208 203.505 -2.80519 -24.653 -34.373 0.78627 -0.400937 17.4943 0.604464 0.322856 14.6075 1.2
191.728 -64.5304 165.617 -14.3411 -15.3616 -28.1909 0.602596 -0.786589 19.644 -0.153062 -0.597911 12.2839 1.2
181.47 -72.1395 149.608 -20.0837 -9.85802 -25.4073 0.786595 -0.743176 19.644 0.638149 0.072355 2.12689 0.6
177.258 -73.9217 144.602 -22.0024 -7.97154 -24.6847 0.786595 -0.786318 18.3677 0.713922 -0.507556 -6.3813 0.2
137.908 -76.5193 112.498 -33.8866 3.93449 -21.6368 0.786595 -0.786318 15.5776 0.548074 -0.00484263 -1.9929 1.4
84.3645 -64.8975 87.1125 -41.003 11.064 -12.474 0.0720792 -0.786318 19.6264 -0.510369 -0.769636 4.23952 1.4
15.6701 -47.2411 77.364 -22.2559 7.39002 0.142241 -0.788207 0.147684 19.6264 -0.751341 0.467001 2.11047 2
-4.04045 -25.1309 84.1469 -1.08424 19.7442 7.3943 -0.788207 0.785797 19.6264 -0.561145 0.438565 12.6314 1.8
6.17271 23.3895 95.4236 7.34182 25.4898 -1.38141 -0.673875 0.0353582 -0.0101506 0.0571659 -0.375219 -12.8764 2
12.2087 43.7959 91.4625 7.89809 25.5498 -8.13443 -0.372406 0.148623 3.09221 0.376835 0.141581 3.87795 0.8
18.8081 64.2899 83.4975 8.28409 25.6138 -10.8381 0.132266 0.335524 9.93078 0.630841 0.233626 8.54821 0.8
23.4044 79.5102 77.2735 6.7532 24.9745 -9.47134 0.306056 0.43637 14.9007 0.289649 0.168077 8.2832 0.6
27.6911 99.1332 70.7834 4.21169 24.3324 -7.16613 0.197951 0.00973034 11.3395 -0.135131 -0.533299 -4.45151 0.8
35.1716 131.824 66.2414 9.21883 19.9515 1.71024 -0.693957 -0.78763 19.6579 -0.637077 -0.715122 10.7565 1.4
45.5629 144.755 69.0808 16.882 12.254 5.2256 -0.785404 -0.78763 19.6579 -0.231511 -0.564306 3.24518 0.8
78.2982 152.77 81.075 29.5054 -0.425774 12.3673 -0.631773 -0.78763 19.6579 0.109736 -0.601228 1.06772 1.4
130.288 147.613 111.762 31.1527 -2.69606 26.4854 0.452522 -0.472594 19.6579 0.677684 0.196898 0.413593 1.6
141.997 146.835 122.915 27.0518 -1.27364 29.0809 0.724825 -0.212847 19.6579 0.680757 0.649369 14.4744 0.4
151.75 146.55 134.895 21.6651 -0.155836 30.773 0.787022 -0.196518 19.6579 0.405636 0.0408216 11.5535 0.4
155.823 146.584 141.122 19.1283 0.549121 31.4521 0.781522 -0.34846 17.6528 -0.0275018 -0.759712 -10.0256 0.2
181.153 155.381 199.549 10.3606 6.2489 22.3711 0.786823 -0.787177 -0.0307269 0.636105 -0.432233 -10.4327 2
201.913 167.868 224.628 10.3999 6.24869 2.70772 0.786823 0.776612 -0.0307269 0.479612 0.781895 -2.51223 2
222.752 180.377 210.38 10.4397 6.25119 -16.9557 0.786823 -0.65135 -0.0307269 0.752918 -0.713981 -8.19054 2
229.019 184.125 198.437 10.4494 6.24247 -22.8547 0.786823 -0.786609 -0.0307269 0.664253 -0.278885 -0.507518 0.6
231.109 185.374 193.669 10.4524 6.23949 -24.8212 0.725273 -0.786609 -0.0307269 -0.30775 -0.17873 -1.62372 0.2
245.957 197.536 143.413 5.62641 6.58667 -24.6715 0.0540669 0.543 19.6439 -0.372892 0.738672 11.6533 1.8
244.993 203.383 111.033 -10.2956 -1.71202 -13.628 0.786269 0.440442 19.1181 0.656683 -0.0569765 -0.292058 1.8
239.922 202.192 105.931 -14.9353 -4.32668 -11.8083 0.710059 0.587716 19.6256 -0.190525 0.368185 10.498 0.4
220.586 196.064 97.6663 -22.3415 -6.6529 -3.9547 0.131891 -0.136901 19.6256 -0.578167 -0.724617 7.2386 1
184.874 179.318 105.846 -8.34426 -12.822 9.2645 -0.787274 -0.542303 18.3597 -0.610741 -0.202701 -0.632907 2
181.674 164.443 118.115 0.847226 -15.7215 16.1658 -0.270873 0.0113026 19.631 0.516401 0.553606 12.1073 1
189.76 135.366 149.538 6.17865 -16.5266 12.5381 -0.615161 -0.492545 -0.0214848 -0.191271 -0.279915 -12.7752 1.8
202.153 102.206 158.712 5.15806 -16.464 -1.59747 0.575771 -0.073098 5.82164 0.595466 0.209724 2.92156 2
205.68 85.637 155.734 2.05035 -16.8634 -3.24427 0.203905 0.345918 11.7791 -0.371866 0.419016 5.95749 1
206.366 78.845 154.573 1.48938 -17.0544 -2.56789 0.0515816 0.301565 11.4353 -0.380808 -0.110881 -0.859561 0.4
205.168 51.7454 152.133 -4.604 -15.9028 -0.997706 0.645978 -0.461156 11.8882 0.371498 -0.476701 0.283032 1.6
191.975 28.3298 144.494 -9.6663 -14.2959 -11.1511 0.787417 0.0988847 -0.0148669 0.713135 0.350025 -9.16793 1.6
190.038 25.4704 142.072 -9.71684 -14.2995 -13.0572 0.711677 0.058285 0.769435 -0.3787 -0.202999 3.92151 0.2
181.931 14.0285 128.973 -10.7219 -14.2842 -19.2861 0.457505 -0.0675718 4.00655 -0.317714 -0.157321 4.04639 0.8
172.488 2.54523 112.383 -13.1889 -14.5957 -21.1331 0.349622 0.274402 12.251 -0.134853 0.427467 10.3055 0.8
155.837 -15.1294 91.6298 -12.3122 -13.6638 -12.097 -0.411205 0.629556 19.667 -0.634023 0.295961 12.0586 1.2
148.619 -23.7855 84.0006 -5.254 -7.19599 -7.62337 -0.786432 0.786621 19.667 -0.701358 0.288193 6.2449 0.8
151.974 -23.5095 78.0921 8.91082 7.00352 0.867327 -0.598206 0.786621 19.667 0.117641 0.58765 7.07871 1.6
175.788 -3.49508 81.4859 12.4838 10.5853 -3.97632 0.399953 0.786621 -0.008508 0.49908 0.0827625 -12.1579 2
193.107 11.0909 71.7085 13.4263 10.3983 -6.16467 -0.312634 -0.066212 16.7847 -0.508991 -0.609166 11.9951 1.4
218.363 27.8357 67.2434 16.684 10.5683 -1.13618 0.030659 0.360913 9.56817 0.214558 0.266953 -4.51033 1.6
245.543 48.329 61.4481 8.6974 10.4359 -6.33348 0.786238 -0.202216 7.50229 0.548183 -0.281565 -1.03294 2
248.653 52.5684 58.5036 6.97509 10.7164 -8.51487 0.786238 -0.114262 4.8302 0.414704 0.219886 -6.68023 0.4
251.16 56.8732 54.5958 5.53607 10.7729 -10.9998 0.786238 0.0332417 5.35378 0.367999 0.368759 1.30894 0.4
253.619 63.2117 47.4069 2.51616 10.1741 -12.0671 0.40981 0.34082 13.8337 -0.62738 0.51263 14.1332 0.6
251.5 77.8264 28.1038 -3.95696 5.89769 -10.6412 0.366869 0.786423 9.09224 -0.0238563 0.304512 -2.63413 1.8
248.833 81.0722 21.5185 -4.72937 5.1269 -11.2712 0.0412588 0.780754 8.88058 -0.542684 -0.00944854 -0.35277 0.6
240.316 86.3533 9.26916 -8.91027 0.94475 -3.88477 0.452213 0.785563 19.623 0.293539 0.056581 10.689 1.4
229.37 85.2616 9.73108 -11.9654 -2.1114 5.07107 -0.00111363 0.785563 19.2227 -0.453327 0.160863 -0.400347 1
226.976 84.8389 10.9202 -11.9731 -2.11895 6.75352 0.00717706 0.773891 17.2221 0.0414534 -0.0583625 -10.003 0.2
210.011 83.6873 31.1529 -2.8497 0.721193 9.21125 -0.78568 -0.00975884 7.73046 -0.500225 -0.391825 -4.74581 2
209.548 83.8318 32.9064 -1.78375 0.731395 8.31472 -0.78568 0.0292357 7.34174 -0.540145 0.194973 -1.9436 0.2
209.544 84.8284 38.1223 0.970449 1.27057 1.32828 -0.78568 0.484994 0.646743 -0.536724 0.455758 -6.695 1
209.741 85.084 38.1952 0.987833 1.27955 -0.613488 -0.663966 0.425476 -0.00259906 0.608572 -0.297587 -7.35105 0.2
210.209 85.6204 37.2922 1.49978 1.43376 -3.56066 -0.420104 0.218611 5.5813 0.609655 -0.517162 13.9598 0.4
213.712 88.3193 29.8879 2.74398 2.06589 -5.50095 0.118579 0.78622 11.5857 0.384773 0.741972 4.28883 1.4
215.819 89.747 24.534 1.36105 0.680687 -5.90963 0.304668 0.78622 7.64754 0.186089 0.321515 -3.93813 1
216.43 89.9498 20.4138 0.804304 0.123026 -8.03974 0.0954386 0.78622 5.16773 -0.348715 0.625313 -4.13301 0.6
217.459 90.1235 9.13345 1.35986 0.481333 -9.35642 -0.183357 0.553182 12.346 -0.23233 -0.194198 5.98187 1.2
219.763 91.3948 1.81144 3.26061 2.20083 -4.41638 -0.162847 0.787523 17.5991 0.0205098 0.483178 5.25309 1
220.455 91.875 1.07533 3.65807 2.59998 -2.96448 -0.16421 0.787523 17.0015 -0.00681248 0.668757 -2.98771 0.2
222.035 93.0274 0.325832 4.14821 3.06372 -1.08948 -0.0619049 0.713034 12.2018 0.255762 -0.186223 -11.9993 0.4
223.843 94.3584 0 3.98315 2.89561 -1.00266 0.786949 0.786384 -0.033233 0.567795 0.32124 -9.82733 1.8
