240 240 0 0 0 0 0 0 9.81 0 0 0 0
239.871 240.022 0.245339 -0.673221 0.153318 1.21422 0.18364 -0.326926 14.0028 0.306067 -0.544877 6.98797 0.6
239.696 240.069 0.567228 -1.04179 0.318162 2.00347 0.108106 -0.532275 13.812 -0.377669 -1.02674 -0.953859 0.2
236.943 241.808 16.7782 -1.62666 1.01448 17.5681 -0.0457023 -1.57167 19.6453 -0.0854493 -1.07338 8.12059 1.8
234.889 241.556 48.8036 -0.846425 -1.00385 17.1256 -0.34493 -0.727911 -0.0261433 -0.187018 0.527347 -12.4898 1.6
233.193 239.567 63.3864 -0.848405 -0.984635 -2.54277 -0.393071 -1.57619 -0.0261433 -0.12504 -1.52842 -5.7467 2
232.387 236.813 57.1056 -0.135678 -4.89183 -4.7158 -0.393071 -1.29771 17.3452 -0.372068 0.232067 14.4761 1.2
235.03 218.566 49.665 2.20423 -11.2629 -7.94185 -0.393071 -1.06624 0.402181 -0.0722456 0.115731 -8.47153 2
240.89 192.372 31.8806 3.57784 -15.1353 -2.55834 -0.0352287 -1.38083 19.6802 0.178921 -0.157292 13.3412 2
241.608 189.33 31.5524 3.60353 -15.2985 -0.792097 -0.0536777 -1.44512 17.6393 -0.0922451 -0.321451 -10.2046 0.2
246.989 166.698 42.1685 2.65322 -11.0629 14.0856 0.332059 -1.31468 19.6408 0.241086 0.0815227 5.63818 1.6
246.735 157.15 75.4416 -4.18055 -1.6139 27.4629 0.393283 -0.581391 19.6408 0.284763 0.458306 10.1786 1.6
234.338 161.591 132.85 -6.48658 3.95012 23.2506 0.393283 -1.57409 -0.054579 0.070417 -1.22809 -11.5516 2
227.851 165.531 151.17 -6.48665 3.92921 13.3902 0.393283 -1.57409 -0.054579 0.131899 -0.591424 -12.349 1
225.257 167.101 155.737 -6.48667 3.92084 9.44607 0.393283 -1.57409 -0.054579 0.228025 -0.570115 -14.6431 0.4
221.365 169.45 159.63 -6.48586 3.90889 3.5296 0.356407 -1.43 -0.054579 -0.061461 0.240151 -12.2075 0.6
220.068 170.231 160.139 -6.48567 3.90517 1.55734 0.341595 -1.57325 -0.054579 -0.0740584 -0.965671 -4.71672 0.2
210.451 176.193 155.711 -7.72332 4.51814 -5.65434 0.171939 0.189892 9.62764 -0.121183 1.25938 6.91587 1.4
205.556 178.878 152.097 -8.53904 4.47295 -6.66288 0.160457 -0.0986609 6.8587 -0.0191365 -0.480921 -4.6149 0.6
202.064 180.683 149.105 -8.89138 4.56644 -8.50768 0.191409 -0.44481 3.69781 0.0773805 -0.865372 -7.90223 0.4
192.647 185.716 138.875 -10.0821 5.92172 -10.5966 0.262173 -1.10662 12.1766 0.0707639 -0.661807 8.47882 1
174.922 197.895 128.534 -11.6706 8.49258 0.0137764 -0.0101946 -0.852298 19.6454 -0.17023 0.158949 5.72318 1.6
165.76 204.168 130.779 -11.3196 6.71475 4.42701 -0.315642 -1.57568 11.4716 -0.381809 -1.09053 -10.2172 0.8
161.239 206.535 132.718 -11.2638 5.03125 5.46688 -0.337855 -1.50339 14.7389 -0.0555339 0.180736 8.16815 0.4
150.111 209.277 138.955 -11.0339 0.87953 5.83722 -0.393127 -1.53033 7.25663 -0.372621 -0.026943 -7.48225 1
145.699 209.402 141.118 -11.0301 -0.249145 5.16886 -0.280292 -1.57238 9.98122 0.282089 -0.442592 6.81148 0.4
126.865 206.909 143.894 -10.1252 -1.66065 -5.29977 -0.170042 0.668441 -0.00573041 0.0612497 1.2449 -6.71016 1.8
118.764 205.58 136.514 -10.1253 -1.66069 -13.1523 0.132661 1.04999 -0.00573041 0.378379 0.476937 -11.3965 0.8
112.668 204.559 127.198 -10.2237 -1.76573 -17.3288 0.0602182 0.675793 5.72551 -0.120738 -0.623663 9.55206 0.6
108.551 203.823 120.076 -10.3723 -1.94871 -17.9376 0.0804176 1.04625 10.893 0.0504983 0.92614 12.9187 0.4
96.5109 201.676 99.609 -8.84252 -1.27868 -16.0138 -0.315876 0.232999 12.2542 -0.330245 -0.677708 1.13435 1.2
91.6833 201.148 90.1064 -7.53963 -0.433549 -16.0462 -0.207791 1.02668 7.97683 0.180141 1.32281 -7.12897 0.6
84.3514 201.143 75.4603 -7.28311 -0.27082 -11.0605 0.129155 1.57364 19.6791 0.336947 0.688001 14.2133 1
71.8523 199.852 67.4299 -5.38995 -0.591768 -0.175175 -0.259378 -0.238193 12.2724 -0.215852 -1.00658 -4.11484 1.8
66.0735 198.492 63.5469 -3.7347 -1.10574 -8.42687 -0.392773 -0.500628 -0.00472084 -0.150728 -0.187454 -13.084 1.4
62.2927 195.393 48.2353 -1.15523 -4.5495 -9.00639 -0.283379 -1.1591 19.6436 0.0781387 -0.470338 14.1524 1.4
63.7319 185.749 38.2199 2.59617 -7.74598 -9.47939 -0.394154 0.104263 0.698144 -0.342604 0.902403 -13.5324 1.4
64.8327 182.663 33.8152 2.99426 -7.64951 -12.2388 -0.306036 0.322251 5.47699 0.220294 0.544972 11.9471 0.4
66.1731 179.646 28.7065 3.72679 -7.44213 -12.916 -0.170305 0.231494 11.2099 0.339329 -0.226894 14.3323 0.4
71.4334 171.045 13.7271 4.65724 -6.99699 -12.3784 0.00627349 0.920442 9.40646 0.147149 0.574123 -1.50288 1.2
75.9317 157.618 0.193974 -2.0361 -3.87302 1.49563 0.393351 -1.07821 19.6752 0.215642 -0.999326 11.3466 2