240 240 0 0 0 0 0 0 9.81 0 0 0 0
239.92 239.974 1.86485 -0.255616 -0.11336 5.51683 0.0329586 0.595759 19.6236 0.0329586 0.595759 11.2155 1
239.73 239.852 4.72688 -0.78564 -0.606286 8.46647 0.18395 0.78714 14.9679 0.377478 0.78115 -11.6392 0.4
238.238 238.536 16.3345 -1.89933 -1.72386 15.4231 0.0102069 0.78714 18.7556 -0.173743 0.301527 3.78774 1
237.851 238.184 19.5836 -1.99188 -1.81674 16.9948 0.065075 0.78714 16.6107 0.27434 0.285151 -10.7244 0.2
237.427 237.796 23.1103 -2.29628 -2.11435 18.2326 0.200749 0.764701 15.6942 0.67837 -0.112198 -4.58256 0.2
231.234 231.883 53.9486 -7.11004 -6.90882 25.6729 0.419217 0.785434 16.137 0.156048 0.0533889 0.316254 1.4
216.954 218.04 99.4038 -9.12221 -8.87153 29.5148 -0.192721 0.666003 8.91485 -0.382461 -0.0746439 -4.51383 1.6
211.791 212.895 116.507 -8.08466 -8.3658 26.8252 -0.577529 0.227326 2.48556 -0.641346 -0.731129 -10.7155 0.6
202.857 203.125 144.13 -7.17739 -8.03256 20.0323 0.0975347 0.645195 6.12141 0.562553 0.348224 3.02988 1.2
189.021 189.795 170.944 -11.1248 -8.11513 13.0092 0.783061 -0.356297 6.09948 0.428454 -0.625932 -0.0137045 1.6
175.858 182.581 181.725 -15.1669 -6.1848 9.08733 0.533706 -0.533787 8.74214 -0.249355 -0.177491 2.64266 1
172.752 181.392 183.497 -15.8828 -5.69108 8.63126 0.514359 -0.674727 8.65161 -0.0967312 -0.704698 -0.452655 0.2
139.182 171.72 187.398 -16.9144 -4.70728 -7.2982 -0.466081 -0.787781 -0.0426946 -0.49022 -0.652236 -9.31533 2
122.306 166.974 175.662 -16.9124 -4.70926 -15.6779 0.224432 -0.787781 2.94029 0.690513 -0.707639 2.98298 1
112.045 164.263 165.023 -17.345 -4.2746 -19.7567 0.424701 -0.787781 3.43167 0.333782 -0.613359 0.81898 0.6
94.0012 160.69 143.017 -18.8772 -2.73507 -23.1392 0.255055 -0.787781 10.1524 -0.169646 -0.221541 6.72077 1
86.3352 159.695 133.86 -19.3422 -2.35923 -22.4071 0.0121489 -0.493115 13.3781 -0.607266 0.736667 8.06406 0.4
82.4678 159.222 129.445 -19.3118 -2.37107 -21.7621 -0.0375534 -0.347027 12.6962 -0.248512 0.730437 -3.4091 0.2
62.8456 156.269 106.606 -10.4464 -1.69152 -16.084 -0.787608 0.287259 19.6442 -0.682903 0.528571 7.0538 1.2
58.412 156.135 95.346 -1.09139 1.28555 -11.7023 -0.565293 0.330961 19.6442 0.277894 0.0546276 1.91175 0.8
59.5133 157.317 89.176 4.642 2.32702 -9.46314 -0.690197 0.0189693 13.7522 -0.208173 -0.519986 -9.82004 0.6
71.8804 161.777 82.4818 9.71242 3.12824 1.62117 0.252777 0.787483 19.6203 0.673553 0.613176 14.0274 1.4
78.364 162.345 89.9306 -1.11592 -2.05787 9.61894 0.785781 0.199834 19.6203 0.505217 -0.489707 14.3859 1.2
61.1429 149.606 107.186 -11.5231 -8.86365 2.68402 0.785781 0.785511 -0.0361445 0.647964 0.782641 -10.7217 2
56.4968 146.024 107.527 -11.8031 -9.1437 -0.844278 0.785781 0.785511 2.83525 0.635962 0.375391 7.17849 0.4
38.8449 132.245 100.432 -12.7312 -9.99001 -8.1354 -0.253816 0.475581 6.95002 -0.742569 -0.221378 2.93912 1.4
36.3367 130.266 98.7602 -12.3147 -9.78014 -8.50268 -0.312045 0.459396 9.66738 -0.291144 -0.0809229 13.5868 0.2
31.5621 126.433 95.1908 -11.6899 -9.4505 -9.65159 -0.170032 0.525026 4.66233 0.355033 0.164076 -12.5126 0.4
24.8338 120.998 88.7202 -10.4239 -8.30261 -11.55 -0.590892 0.785706 9.90704 -0.701433 0.6384 8.74119 0.6
22.8237 119.412 86.3827 -9.69453 -7.57281 -11.8037 -0.496018 0.785706 10.0577 0.474369 0.0815318 0.753157 0.2
17.7212 115.542 78.8989 -7.20515 -5.28905 -13.4845 -0.786839 0.701607 8.01041 -0.678961 -0.140165 -3.41211 0.6
15.1453 113.693 73.1251 -5.77362 -4.02376 -15.5032 -0.786839 0.749029 5.48111 -0.503545 0.118554 -6.32325 0.4
10.0173 110.667 51.9754 -3.23359 -1.47646 -18.2951 -0.057227 0.788178 10.9914 0.60801 0.618138 4.59195 1.2
8.097 109.801 41.4003 -3.28133 -1.52446 -16.6389 0.0698305 0.788178 14.1669 0.211763 0.29113 5.29248 0.6
6.75126 109.16 35.0733 -3.38782 -1.62407 -15.0414 -0.0177674 0.623397 13.4587 -0.218995 -0.411951 -1.77047 0.4
4.21092 106.169 20.7502 2.68804 -2.45742 1.96334 -0.314499 -0.532464 19.651 -0.148366 -0.577931 9.60042 2
7.12438 103.668 24.6199 3.73429 -3.17014 6.88664 0.1502 -0.786335 12.7197 0.580874 -0.566254 -8.66413 0.8
10.1273 101.573 32.6318 0.592322 -0.0222842 -0.349599 0.788234 -0.786335 -0.00959094 0.698578 -0.0881188 -8.27474 1.6
10.4302 101.726 29.6838 0.0846831 0.486307 -6.34547 0.162082 -0.786335 5.03044 -0.78269 -0.666194 6.30004 0.8
10.1955 102.221 25.4623 -1.28127 1.31667 -6.9986 0.398198 -0.408306 13.2554 0.393526 0.630047 13.7083 0.6
3.21877 107.367 18.1527 -3.42744 2.33659 0.216748 -0.217065 -0.786466 14.1121 -0.307631 -0.323675 0.428312 2
1.32056 107.732 18.8436 0.823088 -1.92302 -1.65367 -0.787245 -0.786466 5.15496 -0.427635 -0.0399362 -6.39794 1.4
7.04079 100.988 12.0786 4.21373 -4.47722 -2.41075 0.141899 -0.313269 14.8661 0.516191 0.262887 5.3951 1.8
8.51438 99.276 11.3377 3.07528 -4.02465 -1.7178 0.397754 -0.434176 9.08237 0.639639 -0.302269 -14.4594 0.4
10.3755 96.2654 9.92706 2.27031 -3.69145 -1.36716 -0.16439 0.0834515 11.7988 -0.70268 0.647035 3.39555 0.8
10.8662 95.5311 9.67886 2.62769 -3.64896 -1.17167 -0.166313 0.154931 10.0744 -0.00961556 0.357396 -8.62227 0.2
11.415 94.8059 9.45784 2.80914 -3.61028 -0.986247 -0.00963302 0.308044 11.502 0.783398 0.765567 7.1382 0.2
11.9837 94.0864 9.2981 2.9007 -3.57376 -0.593195 -0.0735503 0.421177 12.0732 -0.319586 0.565663 2.85586 0.2
14.7817 91.5662 8.9787 4.24209 -2.47781 -0.918997 -0.409191 0.786059 7.31936 -0.419551 0.620197 -5.94227 0.8
17.7022 90.4366 8.15563 5.4658 -1.34159 -1.34347 -0.200573 0.707958 11.752 0.347696 -0.130168 7.38775 0.6
20.0122 90.0085 7.67736 6.04 -0.831715 -1.242 -0.1752 0.747093 8.73888 0.0634342 0.0978365 -7.53282 0.4
29.3469 88.893 4.23017 0.469988 0.821473 -2.23072 0.745116 -0.605917 11.5038 0.460158 -0.676505 1.38245 2
27.9781 91.0466 2.55643 -3.53662 4.46162 -1.28019 0.373801 -0.786359 14.4832 -0.464144 -0.464658 3.72432 0.8
26.3415 93.0397 2.21767 -4.46964 5.31259 -0.735414 0.159777 -0.668221 8.78001 -0.53506 0.295345 -14.2581 0.4
24.459 95.2309 1.92231 -4.95656 5.63241 -0.515569 0.121928 -0.495704 12.1447 -0.0946229 0.431293 8.41173 0.4
21.3828 98.6594 1.67228 -5.11752 5.72187 -0.904527 -0.0771154 -0.145938 6.21808 -0.331739 0.582943 -9.8777 0.6
19.3874 100.945 1.12113 -4.82193 5.71816 -1.60294 -0.103996 0.0911008 9.97821 -0.0672018 0.592598 9.40033 0.4
15.986 108.413 0.171994 2.17757 1.50074 0.803307 -0.721469 -0.786335 15.365 -0.385921 -0.62451 3.36676 1.6
