240 240 0 0 0 0 0 0 9.81 0 0 0 0
239.871 240.022 0.245339 -0.673221 0.153318 1.21422 0.18364 -0.326926 14.0028 0.306067 -0.544877 6.98797 0.6
239.696 240.069 0.567228 -1.04179 0.318162 2.00347 0.108106 -0.532275 13.812 -0.377669 -1.02674 -0.953859 0.2
236.943 241.808 16.7782 -1.62666 1.01448 17.5681 -0.0457023 -1.57167 19.6453 -0.0854493 -1.07338 8.12059 1.8
234.889 241.556 48.8036 -0.846425 -1.00385 17.1256 -0.34493 -0.727911 -0.0261433 -0.187018 0.527347 -12.4898 1.6
233.193 239.567 63.3864 -0.848405 -0.984635 -2.54277 -0.393071 -1.57619 -0.0261433 -0.12504 -1.52842 -5.7467 2
232.387 236.813 57.1056 -0.135678 -4.89183 -4.7158 -0.393071 -1.29771 17.3452 -0.372068 0.232067 14.4761 1.2
235.03 218.566 49.665 2.20423 -11.2629 -7.94185 -0.393071 -1.06624 0.402181 -0.0722456 0.115731 -8.47153 2
240.89 192.372 31.8806 3.57784 -15.1353 -2.55834 -0.0352287 -1.38083 19.6802 0.178921 -0.157292 13.3412 2
246.633 165.022 35.2717 3.58078 -19.7892 3.56043 -0.392815 -1.57445 8.37554 -0.255723 -0.944493 -7.06543 1.6
254.393 122.45 42.6622 2.66712 -21.8373 5.68771 0.304105 0.407572 13.8118 0.34846 0.99101 2.71812 2
255.056 77.6005 47.4624 -0.356875 -22.5223 -5.66473 0.393436 -0.418714 -0.0233563 0.166973 -0.413143 -10.7666 2
254.981 73.0983 46.1444 -0.409632 -22.4869 -7.45629 0.339872 -0.679092 1.84299 -0.267818 -1.30189 9.33176 0.2
254.095 51.1614 36.9836 -1.3578 -21.2247 -8.48256 0.0856468 -1.1371 16.048 -0.254225 -0.458008 14.205 1
251.077 23.7558 30.5091 -3.3396 -17.2037 -1.28379 0.34028 -1.09613 14.6168 0.181881 0.0292632 -1.02234 1.4
247.144 9.65799 32.7172 -4.07282 -10.4843 6.30983 0.392995 -1.5732 19.6728 0.069059 -0.875349 13.1327 1
240.651 2.52635 53.5177 -4.04389 1.56979 19.6908 0.392995 -1.5732 19.6728 0.201033 -0.419365 5.15911 1.6
232.762 11.3279 88.2576 -5.85808 7.398 19.0652 0.392995 -0.689075 0.719786 0.212474 0.552576 -11.8457 1.6
229.245 15.7685 97.9371 -5.86047 7.39951 13.1816 0.185568 -0.866412 -0.0292865 -0.345711 -0.295561 -13.6195 0.6
223.386 23.167 106.199 -5.85892 7.39823 3.3424 -0.047468 -0.0585282 -0.0292865 -0.233036 0.807883 -3.72142 1
221.044 26.1257 106.779 -5.84279 7.39215 -0.364423 -0.0949186 -0.485495 1.11867 -0.118626 -1.06742 2.8699 0.4
218.73 29.0735 106.043 -5.67779 7.33537 -3.05736 -0.170984 -0.246827 5.09968 -0.190163 0.596668 9.95252 0.4
213.358 38.2717 100.713 -2.7038 8.88674 -4.40382 -0.392849 0.903547 13.2768 -0.236446 0.958645 6.81427 1.2
212.259 44.1154 98.3291 -1.06884 10.2969 -3.86353 -0.251968 0.464163 9.35727 0.234802 -0.732307 -6.53257 0.6
211.825 52.7229 94.7737 -0.277292 11.1852 -5.31503 -0.121092 1.3706 6.93785 0.163594 1.13305 -3.02427 0.8
211.772 54.9785 93.6488 -0.249867 11.3807 -5.95121 -0.175381 1.4866 6.46843 -0.271444 0.579996 -2.3471 0.2
212.287 71.7039 80.8074 1.24789 11.9837 -13.1914 -0.393041 -0.669718 3.24238 -0.192904 -1.54023 -2.30432 1.4
213.238 78.5644 72.0806 1.83983 10.5405 -15.2064 -0.393041 -1.5369 10.7259 -0.38429 -1.4453 12.4725 0.6
213.991 82.4484 66.0155 1.93729 8.87062 -15.0956 -0.393041 -1.48839 11.1133 -0.352326 0.121258 0.968679 0.4
217.936 92.5849 43.9204 3.65948 6.67798 -17.5662 -0.105322 0.155047 5.61475 0.205514 1.17389 -3.92756 1.4
224.961 102.284 14.2551 3.37353 -0.355095 -7.64831 0.393154 1.57649 19.6544 0.300589 1.22187 11.4298 2
225.637 102.068 12.8832 3.38161 -1.7753 -6.11617 0.378769 1.57649 18.0634 -0.0719248 0.280306 -7.95482 0.2
226.301 101.589 11.7849 3.20557 -2.97609 -4.93937 0.361442 1.26403 15.6074 -0.0866357 -1.56228 -12.2803 0.2
229.351 90.0471 7.13371 0.453167 -6.81328 -2.10255 0.0248443 0.26197 7.47273 -0.168299 -0.501032 -4.06732 2
229.875 84.6089 4.84289 1.15582 -6.79075 -3.4694 -0.234 -0.0606884 8.87105 -0.323555 -0.403323 1.7479 0.8
235.305 76.094 0.11146 3.15121 0.565499 0.946633 -0.392911 1.5753 16.6429 -0.0994228 1.49405 3.88593 2