240 240 0 0 0 0 0 0 9.81 0 0 0 0
240.005 240 0.00287777 0.0706837 0.00158994 0.0427445 -0.0699909 0.0336146 10.254 -0.349955 0.168073 2.22002 0.2
240.086 240.528 4.79458 -0.111625 1.75425 9.16873 0.191729 -1.5747 19.6251 0.186943 -1.40056 9.77853 1.4
240.062 240.946 6.81883 -0.131082 2.38466 11.0801 0.131174 -1.50059 19.6251 -0.302777 0.370528 1.32697 0.2
239.844 246.437 37.0283 -0.135961 3.47156 26.7167 -0.0618115 -1.57434 19.6251 -0.120616 -0.776323 8.28506 1.6
239.829 248.422 61.4844 0.288882 1.00407 34.3406 -0.260027 -1.28519 19.6251 -0.247769 0.361441 13.6556 0.8
240.3 247.502 98.2078 0.486737 -2.27981 36.9116 -0.261844 -1.5748 6.00339 -0.00181769 -0.924279 -13.6217 1
240.495 246.495 112.513 0.485201 -2.66354 34.2736 -0.338214 -1.5748 0.707867 -0.190924 -1.55103 -13.2388 0.4
240.592 245.957 119.189 0.484965 -2.72256 32.5 -0.274815 -1.5748 1.26734 0.316992 -1.5165 2.79736 0.2
240.785 244.855 131.45 0.484797 -2.76462 28.7188 -0.337712 -1.5748 -0.0231742 -0.157241 -0.312303 -5.2674 0.4
240.981 243.725 142.239 0.498756 -2.92897 25.447 -0.203369 -1.43615 3.38861 0.335857 0.346634 8.52946 0.4
241.269 238.187 181.817 -1.51688 -3.26078 20.7139 0.391583 0.407429 11.3259 0.330529 1.02421 4.40961 1.8
240.367 236.776 190.076 -2.93336 -3.71914 20.3893 0.392806 0.207662 8.15479 0.0667015 -0.499417 -7.9278 0.4
236.688 232.807 207.465 -3.87451 -4.05427 13.0013 0.392806 0.837103 -0.0124121 0.288922 0.62944 -12.6623 1
232.816 228.753 215.556 -3.87017 -4.05361 3.17978 0.392806 -0.535483 -0.0124121 0.287064 -1.37259 -5.57902 1
232.042 227.943 215.995 -3.86942 -4.05418 1.21549 0.392806 -0.756241 -0.0124121 0.0362092 -1.10379 -13.4228 0.2
224.305 219.828 198.782 -3.86838 -4.0595 -18.4286 0.065863 -1.5747 -0.0124121 -0.163471 -1.30259 -8.41472 2
221.221 216.579 181.838 -3.76314 -4.11249 -22.7565 -0.0816649 -0.355115 8.8227 -0.18441 1.52449 11.0439 0.8
218.034 211.227 154.366 -0.765419 -4.98655 -22.6299 -0.393869 -0.241507 11.7735 -0.280004 0.0946733 2.459 1.2
221.075 199.962 128.321 3.65315 -12.7226 -13.0511 -0.393869 -1.57225 19.6622 -0.244827 -1.10435 13.6404 1.4
227.516 174.873 119.334 3.5928 -15.7459 2.10572 0.210147 -0.78391 19.6622 0.37751 0.492712 8.26988 1.6
229.377 165.907 122.009 2.90801 -14.2748 6.33066 0.111686 -1.57737 14.5096 -0.164101 -1.37993 -8.58765 0.6
231.123 157.472 126.285 2.90942 -14.061 7.32092 -0.0650652 -1.57737 8.45155 -0.294586 -0.242927 -10.0967 0.6
234.672 139.764 132.548 3.05457 -15.5353 1.85848 -0.393563 -1.37958 2.41188 -0.350086 0.164823 -5.03306 1.2
237.739 124.041 129.99 3.06818 -15.7595 -7.36296 -0.225964 -1.57386 -0.0177114 0.167599 -1.05013 -4.55549 1
238.353 120.887 128.33 3.06809 -15.7869 -9.19337 -0.195157 -1.57386 1.36185 0.154036 -0.495658 6.89782 0.2
239.581 114.54 124.11 3.07201 -15.9509 -11.5622 -0.0472605 -1.52087 6.46317 0.36974 0.132472 12.7533 0.4
243.074 95.7114 108.248 2.37369 -15.0316 -14.5685 0.297197 -0.70636 8.34784 0.287048 0.678757 1.57056 1.2
244.671 82.6081 94.2945 1.30685 -10.2284 -11.7546 0.393652 -1.57262 18.8835 0.312829 -1.25849 10.5356 1
245.72 76.6776 87.1743 1.31696 -4.67995 -6.24354 0.393652 -1.57262 17.2801 0.299063 -1.31831 -2.00427 0.8
245.984 75.8761 86.0532 1.31943 -3.32521 -4.9437 0.393652 -1.57262 18.0397 0.10956 -1.04816 3.79821 0.2
246.778 75.1897 84.4723 1.3275 1.09932 -0.176657 0.393652 -1.57262 19.6356 0.052515 -0.724602 5.17587 0.6
247.375 76.9318 85.8609 0.455273 4.23456 4.77732 0.195736 -0.950666 18.2016 -0.329861 1.03659 -2.39009 0.6
247.25 87.1201 94.6154 -0.147943 7.41438 0.921392 0.393026 -1.57532 -0.0217928 0.170815 -1.06779 -13.449 1.6
247.047 98.3128 88.2517 -0.140032 9.16156 -8.5984 0.393026 -1.57532 6.539 0.238776 -0.665057 4.68628 1.4
246.938 106.271 79.7517 -0.133882 10.5199 -13.1701 0.393026 -1.57532 2.3278 0.260091 -0.145352 -5.26399 0.8
246.814 112.73 70.4879 -0.340709 10.9705 -17.6809 0.321364 -0.691523 2.56508 -0.119437 1.473 0.395467 0.6
240.915 130.699 35.2535 -4.57696 3.27558 -11.7063 0.393935 1.57377 19.6365 0.340178 1.50185 12.5988 2
238.172 131.567 29.8179 -4.56738 0.0532737 -6.2872 0.161403 1.57377 19.6365 -0.387554 0.504174 2.29128 0.6
233.606 131.234 28.3999 -4.56864 0.476538 3.4252 -0.204758 1.57377 19.6365 -0.366161 1.20987 4.8097 1
229.217 133.017 34.5334 -4.16309 2.51258 6.81582 -0.0929285 1.02997 7.10885 0.11183 -0.543795 -12.5276 1
225.672 136.183 40.3299 -2.39217 4.08589 5.08377 -0.393971 0.54122 9.81888 -0.391812 -0.488754 2.71002 1
222.69 146.274 39.8599 -1.36632 5.25962 -8.92481 0.192872 1.57283 -0.0379845 0.293422 0.987188 -8.1913 2
221.323 151.446 28.3798 -1.36653 5.36182 -11.6644 -0.117645 1.57283 14.218 -0.310518 0.528732 14.256 1
219.956 157.216 18.7733 -1.36735 5.76388 -7.66457 0.0610866 1.57283 13.4502 0.178732 0.78009 -0.767788 1
218.863 161.596 13.6133 -1.36625 5.22387 -5.46706 0.0459732 1.57283 11.7001 -0.0188918 1.19193 -2.1877 0.8
218.042 164.679 10.5116 -1.36793 5.11664 -5.13886 -0.0140505 1.47973 9.02012 -0.10004 -0.155167 -4.46655 0.6
217.77 165.708 9.45356 -1.34772 5.18915 -5.51358 -0.0841894 1.17819 6.87388 -0.350694 -1.5077 -10.7312 0.2
217.25 167.842 7.14262 -1.24763 5.52194 -5.71308 -0.100668 1.35805 11.8299 -0.0411955 0.449651 12.3901 0.4
217.004 168.963 6.02601 -1.22754 5.65781 -5.51983 -0.02432 1.52947 9.77163 0.381738 0.857093 -10.2915 0.2
215.286 176.601 0.130434 -1.22644 4.79493 -1.58057 0.111582 1.57099 15.5251 0.0970731 0.130433 4.10961 1.4
