240 240 0 0 0 0 0 0 9.81 0 0 0 0
239.99 240 0.00451972 -0.144159 0.00875683 0.0660407 0.140542 -0.0904993 10.5385 0.702709 -0.452496 3.64263 0.2
237.819 240.919 2.14018 -4.18994 2.58424 4.73206 0.413869 -0.785959 18.133 0.227772 -0.650976 6.32873 1.2
231.704 243.819 28.6489 3.79785 -5.41251 19.5454 -0.78685 -0.785959 19.6387 -0.760751 -0.0961972 13.8985 2
244.457 228.475 69.6513 8.06739 -9.68684 32.9067 0.376861 -0.785959 19.6387 0.72732 -0.378248 1.33735 1.6
248.822 220.354 111.355 -0.811771 -4.87656 34.1461 0.786637 -0.178935 8.22131 0.747311 0.505853 -9.51447 1.2
244.158 212.564 161.147 -2.89002 -4.2078 19.2969 0.00581163 -0.786334 -0.0256902 -0.433792 -0.498549 -9.38937 1.8
241.268 208.356 175.526 -2.89086 -4.20696 9.46124 -0.0987495 -0.786334 -0.0256902 -0.104561 -0.0805583 -9.28836 1
237.687 201.448 181.015 -0.446988 -4.19403 -0.962771 -0.615148 0.297707 7.37641 -0.322749 0.677526 4.62631 1.6
240.839 197.399 176.823 5.96093 -2.60789 -5.9641 -0.788246 0.191448 8.39945 -0.769322 -0.0885492 0.852537 1.2
255.465 192.997 148.877 7.45309 -2.14606 -23.601 0.527049 0.785609 -0.0440269 0.657648 0.574068 -13.6552 2
263.079 189.825 115.524 3.80675 -3.28863 -30.4019 0.728618 0.0800809 10.5576 0.167973 -0.58794 8.83469 1.2
262.745 187.354 86.3771 -4.32563 -0.597994 -26.0355 0.411492 -0.702152 19.6772 -0.317125 -0.782232 14.1389 1
246.186 193.735 50.1729 -10.5532 5.45619 -10.685 0.0655097 -0.786344 16.5363 -0.172991 -0.198879 -1.57045 2
241.897 195.982 46.5436 -10.906 5.78875 -7.23074 0.0657341 -0.727272 19.6242 0.000561186 0.14768 10.4675 0.4
227.746 202.963 45.8666 -7.88725 2.76599 5.9447 -0.380608 -0.785724 19.6242 -0.318816 -0.10107 11.274 1.4
218.799 203.884 60.476 -4.67874 -0.252938 8.48064 -0.0116704 -0.675817 3.93563 0.230586 0.0686916 -9.80537 1.6
215.947 203.778 64.5287 -4.91656 -0.0141103 5.05532 0.278829 -0.78865 4.37236 0.484165 -0.778153 0.727881 0.6
214.945 203.794 65.4334 -5.11774 0.188386 4.01956 0.317782 -0.78865 5.32058 0.194766 -0.741879 4.74113 0.2
211.605 204.177 67.4061 -6.08562 1.16258 3.25873 0.218943 -0.78865 12.3728 -0.164731 -0.214112 11.7536 0.6
192.404 208.813 70.3426 -12.8796 2.11175 -3.88706 0.785905 0.592874 2.3603 0.436684 0.690762 -5.00623 2
184.167 209.77 66.8402 -15.0223 0.864767 -7.29537 0.785905 0.483072 9.32557 0.738395 -0.183003 11.6088 0.6
164 209.184 54.744 -17.4905 -1.12417 -14.081 0.173876 0.787502 0.654343 -0.510024 0.727721 -7.22602 1.2
149.956 208.234 41.4463 -17.559 -1.19293 -18.0347 -0.0572977 0.787502 9.10066 -0.288967 0.698793 10.5579 0.8
124.358 205.544 19.9098 -20.3556 -4.00135 -10.2703 0.368347 0.787502 19.6274 0.304032 0.701393 10.1381 1.4
92.4039 198.573 11.4698 -15.8415 -3.13597 -3.4867 -0.788681 0.161645 10.8819 -0.785313 -0.391161 -5.4659 1.6
84.2407 196.951 8.96999 -11.4201 -2.2098 -4.88334 -0.788681 0.252083 10.3509 -0.12216 0.15073 -0.885006 0.6
78.8404 195.836 6.01681 -6.38639 -1.75103 -4.20562 -0.547966 -0.0597443 17.3703 0.401191 -0.519712 11.6989 0.6
76.1437 191.485 8.13463 0.106515 -4.25141 8.05364 0.010293 -0.788051 19.6319 0.398757 -0.665121 13.7066 1.4
76.322 187.991 17.0293 0.479608 -4.62649 13.3143 -0.0980654 -0.788051 13.1824 -0.135448 -0.129323 -8.06186 0.8
78.8419 178.991 34.69 2.09885 -6.07925 4.89288 -0.787295 -0.609882 -0.0147191 -0.498238 0.111356 -11.328 1.6
82.1924 169.271 29.9464 2.09087 -6.07152 -10.8235 -0.211078 -0.787428 -0.0147191 0.360136 -0.777571 -0.68163 1.6
85.1164 160.774 11.333 1.42738 -5.40533 -11.4017 0.212254 -0.787428 18.9506 0.30238 -0.337529 13.5467 1.4
84.6637 156.127 2.76118 -2.26349 -2.52488 -3.85173 0.267024 -0.535299 14.1935 0.0456417 0.210107 -3.9643 1.2
81.2967 153.999 0.0945101 -3.43848 -1.88452 -2.00717 -0.18391 -0.305302 7.53083 -0.322096 0.164284 -4.75904 1.4
