240 240 0 0 0 0 0 0 9.81 0 0 0 0
240.456 239.88 0.332043 1.74273 -0.620314 1.17579 -0.387176 -0.501706 13.3682 -0.48397 -0.627132 4.44781 0.8
246.914 238.235 5.07988 6.9525 -0.828616 5.99991 -0.185739 0.530027 14.3071 0.143884 0.736952 0.670587 1.4
254.408 237.714 25.9823 -3.69805 2.26225 17.0004 0.788331 -0.557602 19.6257 0.59274 -0.604238 4.48826 1.8
250.153 240.039 36.9382 -10.2748 4.94707 19.5462 0.613438 -0.197397 17.2546 -0.291488 0.600342 -3.95173 0.6
223.236 251.612 88.2518 -11.0908 3.06946 31.4115 -0.644937 -0.787235 16.4095 -0.629188 -0.586904 -0.422574 2
214.756 252.061 120.158 -6.66943 -1.36823 31.1644 -0.492918 -0.787235 6.4752 0.152019 -0.181443 -9.93427 1
208.191 249.226 155.555 -4.52108 -3.00428 28.6128 -0.104472 -0.465513 9.64239 0.323705 0.268102 2.63933 1.2
201.701 243.906 193.258 -3.96017 -3.40065 16.1815 -0.785835 -0.786721 -0.00425433 -0.449745 -0.522289 -13.8801 1.6
193.775 237.108 205.995 -3.96573 -3.3993 -3.44448 -0.785835 0.31102 -0.00425433 -0.545447 0.548871 -7.77314 2
192.982 236.428 205.11 -3.96625 -3.39949 -5.40713 -0.629232 0.394617 -0.00425433 0.783014 0.417981 -7.76189 0.2
189.015 233.028 194.796 -3.96819 -3.39964 -15.2209 -0.346474 -0.313895 -0.00425433 0.282758 -0.708512 -11.3322 1
184.252 228.949 169.465 -3.96847 -3.39961 -26.9979 0.249223 -0.786284 -0.00425433 0.496414 -0.516272 -0.67633 1.2
181.761 226.977 151.932 -4.56931 -3.08894 -30.7337 0.33489 -0.333194 7.523 0.142778 0.75515 12.5454 0.6
178.473 225.22 133.464 -6.57208 -2.89231 -30.054 0.271489 0.101867 15.3867 -0.105669 0.725101 13.1062 0.6
158.918 215.636 92.2716 -15.1856 -9.20418 -15.126 0.372694 0.788184 19.642 0.0562249 0.70512 9.28417 1.8
152.545 211.654 86.9457 -16.4104 -10.4358 -11.4173 0.0748115 0.788184 19.642 -0.744706 0.472368 5.26216 0.4
149.245 209.549 84.858 -16.5805 -10.6068 -9.45848 0.0481005 0.788184 19.642 -0.133555 0.391567 3.2225 0.2
122.571 192.515 75.9228 -11.691 -7.81371 -5.00172 -0.674778 0.359242 6.23055 -0.401599 -0.238301 -7.45079 1.8
114.22 186.446 70.2482 -9.41809 -7.60289 -9.31826 -0.474274 -0.240625 4.3451 0.25063 -0.749833 -2.35681 0.8
107.767 178.991 59.5034 -1.67583 -6.3136 -10.6226 -0.787642 0.410327 19.0191 -0.755105 0.650952 14.674 1
109.743 173.672 49.827 3.48885 -5.14507 -10.2911 -0.0228129 -0.243663 4.40547 0.764829 -0.65399 -14.6137 1
111.175 171.609 45.3438 3.7614 -5.16734 -11.9651 -0.205856 0.00174003 6.94351 -0.457608 0.613506 6.3451 0.4
112.688 165.879 27.3873 -6.80579 3.90606 -4.09544 0.787202 -0.786449 19.6255 0.618728 -0.544204 11.4424 2
107.142 169.688 25.6035 -11.1994 8.3089 -2.00927 0.523749 -0.786449 14.1766 -0.439089 -0.549092 -9.08155 0.6
102.313 173.326 25.0415 -12.7925 9.67356 -0.707807 0.240277 -0.609061 14.0767 -0.708679 0.443469 -0.249643 0.4
86.2035 185.535 24.9132 -13.4178 10.151 -1.33735 -0.1679 -0.785794 4.65907 -0.340148 -0.349965 -7.84807 1.2
71.5251 196.916 20.6441 -9.87693 8.64431 -5.0513 -0.668277 -0.19337 10.4051 -0.416981 0.493686 4.78833 1.2
66.8087 201.764 17.3008 -5.7438 7.31168 -6.12403 -0.785646 -0.422071 11.2401 -0.223559 -0.381167 1.39172 0.6
64.6659 208.659 13.0568 0.293518 4.9989 1.52247 0.0727481 -0.257471 19.6743 0.715328 0.137167 13.9408 1.2
59.9224 217.77 19.9344 -3.98076 3.87729 -1.81326 0.77072 0.7857 -0.0528716 0.348986 0.656771 -11.3158 2
56.1114 220.42 16.119 -6.42801 2.30103 -6.74255 0.785477 0.466349 10.3728 0.384958 -0.399189 13.0321 0.8
44.4 221.557 7.27042 -12.3069 0.160767 -7.25605 0.239855 0.191084 11.3773 -0.454685 -0.229387 0.83709 1.2
36.8062 221.613 3.53256 -12.4336 0.136649 -4.60123 -0.180615 0.192769 17.3031 -0.700783 0.00280862 9.87638 0.6
26.4783 222.169 1.31671 -3.36907 0.499074 -0.780198 -0.785495 -0.0721076 13.3809 -0.626818 -0.220731 -3.26858 1.2
25.9966 222.259 1.15995 -1.43036 0.421125 -0.755798 -0.762255 -0.00877864 14.3897 0.1162 0.316645 5.0443 0.2
25.8997 222.333 1.00438 0.398694 0.280071 -0.869389 -0.78551 -0.149681 11.6637 -0.422811 -0.704511 -13.6302 0.2
27.6592 222.383 0.0970501 4.8661 0.0394747 -2.0398 -0.372661 0.487589 5.20984 0.206424 0.318635 -3.22691 2
