Path: 2
240 240 0 0 0 0 0 0 9.81 0 0 0 0
239.871 240.022 0.245339 -0.673221 0.153318 1.21422 0.18364 -0.326926 14.0028 0.306067 -0.544877 6.98797 0.6
239.696 240.069 0.567228 -1.04179 0.318162 2.00347 0.108106 -0.532275 13.812 -0.377669 -1.02674 -0.953859 0.2
236.943 241.808 16.7782 -1.62666 1.01448 17.5681 -0.0457023 -1.57167 19.6453 -0.0854493 -1.07338 8.12059 1.8
234.889 241.556 48.8036 -0.846425 -1.00385 17.1256 -0.34493 -0.727911 -0.0261433 -0.187018 0.527347 -12.4898 1.6
233.193 239.567 63.3864 -0.848405 -0.984635 -2.54277 -0.393071 -1.57619 -0.0261433 -0.12504 -1.52842 -5.7467 2
232.387 236.813 57.1056 -0.135678 -4.89183 -4.7158 -0.393071 -1.29771 17.3452 -0.372068 0.232067 14.4761 1.2
235.03 218.566 49.665 2.20423 -11.2629 -7.94185 -0.393071 -1.06624 0.402181 -0.0722456 0.115731 -8.47153 2
240.89 192.372 31.8806 3.57784 -15.1353 -2.55834 -0.0352287 -1.38083 19.6802 0.178921 -0.157292 13.3412 2
246.633 165.022 35.2717 3.58078 -19.7892 3.56043 -0.392815 -1.57445 8.37554 -0.255723 -0.944493 -7.06543 1.6
254.393 122.45 42.6622 2.66712 -21.8373 5.68771 0.304105 0.407572 13.8118 0.34846 0.99101 2.71812 2
255.056 77.6005 47.4624 -0.356875 -22.5223 -5.66473 0.393436 -0.418714 -0.0233563 0.166973 -0.413143 -10.7666 2
254.981 73.0983 46.1444 -0.409632 -22.4869 -7.45629 0.339872 -0.679092 1.84299 -0.267818 -1.30189 9.33176 0.2
254.095 51.1614 36.9836 -1.3578 -21.2247 -8.48256 0.0856468 -1.1371 16.048 -0.254225 -0.458008 14.205 1
251.077 23.7558 30.5091 -3.3396 -17.2037 -1.28379 0.34028 -1.09613 14.6168 0.181881 0.0292632 -1.02234 1.4
247.142 8.97454 32.9816 -4.09519 -12.5703 7.00696 0.179148 -1.57085 19.6224 -0.161133 -0.759543 14.1003 1
241.542 -2.45483 47.3643 -5.92134 -5.93112 16.2758 0.393521 -1.08372 17.404 0.265204 0.405936 -1.84859 1.2
237.576 -4.77364 58.5326 -6.97201 -1.65788 21.092 0.393521 -1.56931 19.6247 0.342659 -0.80931 13.1918 0.6
227.846 -1.4399 92.0679 -6.93445 5.19212 23.8572 0.393521 -1.57631 5.8964 0.11981 -1.39938 -9.8059 1.4
215.371 9.19191 122.216 -6.92992 6.01477 8.18074 0.393521 -1.57631 -0.0149901 0.295938 -1.40926 -8.04271 1.8
208.442 15.2039 125.485 -6.9287 6.0092 -1.64311 0.393521 -1.1355 -0.0149901 0.127111 0.440805 -0.575131 1
205.671 17.6072 124.042 -6.92744 6.0075 -5.57271 0.333107 -0.719199 -0.0149901 -0.151035 1.04075 -2.36011 0.4
194.834 26.5641 109.705 -9.469 6.95783 -12.7031 0.393258 -0.178447 10.2261 0.255961 0.386251 7.31504 1.4
188.649 30.8269 101.645 -10.8571 7.19761 -14.7959 0.302232 -0.15975 3.26599 -0.151709 0.0311621 -11.6001 0.6
171.315 38.8186 79.6727 -13.3728 2.06666 -12.8518 0.393612 1.57628 19.6358 0.250356 1.49229 12.7062 1.4
168.641 39.0903 77.2724 -13.3653 0.696711 -11.1343 0.319236 1.57628 19.6358 -0.371883 1.56665 12.8227 0.2
149.959 34.8363 67.043 -13.3278 -6.13039 -5.81506 0.375637 1.57628 9.2814 0.0402867 0.528529 -7.39599 1.4
144.612 32.1418 64.6083 -13.4418 -7.26756 -6.3972 0.283119 1.35153 8.38818 -0.231295 -0.561874 -2.23305 0.4
130.89 24.0111 59.2321 -13.8326 -8.44498 -2.47198 -0.0578786 0.973879 19.3214 -0.340997 -0.377653 10.9332 1
117.944 16.6689 60.5367 -11.5251 -5.76396 4.06812 -0.385142 0.784359 14.2859 -0.327263 -0.18952 -5.03548 1
105.337 12.8431 66.6595 -10.2885 -0.775997 5.13851 -0.393344 1.57448 8.88667 -0.289507 1.20018 -4.49936 1.2
103.279 12.7592 67.668 -10.2895 -0.0474924 5.01164 -0.36345 1.56994 10.8584 0.14947 -0.0226793 9.85885 0.2
99.1628 13.0545 69.6568 -10.2932 1.49791 4.84022 -0.39381 1.57328 9.43383 -0.387576 0.666311 -3.56152 0.4
95.096 13.931 71.5381 -9.92099 2.83509 4.64964 -0.327692 1.01909 10.5166 0.165295 -1.38547 2.70703 0.4
89.4041 16.0135 73.9592 -9.16194 3.89537 2.75856 -0.299203 0.849203 3.49312 0.0474816 -0.283139 -11.7059 0.6
87.5823 16.8056 74.371 -9.06983 4.01373 1.30688 -0.269824 0.986378 1.8264 0.146897 0.685873 -8.33361 0.2
83.9991 18.4748 74.3752 -8.78216 4.41238 -0.974252 -0.305044 0.919088 6.74833 -0.0880505 -0.168224 12.3048 0.4
75.6581 24.1879 74.6437 -4.63272 3.80998 4.25401 -0.252206 -0.939751 19.6584 0.0440313 -1.54903 14.0581 1.2
73.1545 25.9678 80.0459 -1.50786 0.877575 8.14673 -0.393649 -0.560783 11.6436 -0.34924 0.47371 -10.0185 0.8
72.9783 22.6837 91.4684 0.15982 -3.23273 -0.102843 -0.393649 -1.5759 0.668481 -0.0419376 -1.05376 -5.48758 2
73.197 18.1474 81.7292 0.14925 -3.23781 -13.8425 -0.393649 0.217526 -0.0305732 -0.0325787 1.28102 -6.65766 1.4
74.5617 15.3559 49.2459 1.0274 2.22272 -17.5995 -0.393649 1.57677 16.7553 -0.243151 1.21905 9.32547 1.8
74.9693 16.8039 42.7671 1.01023 5.09929 -14.5973 -0.393649 1.57677 19.6741 -0.202717 1.13446 11.5218 0.4
76.952 33.3201 25.5 0.992598 8.05161 -5.7622 0.264582 1.57677 9.43478 0.329115 0.335157 -5.11968 2
78.3611 41.3439 16.6755 1.02198 3.13111 -6.7962 0.39318 1.57677 10.0365 0.244949 1.39242 0.429765 1.4
79.0938 42.4556 11.4679 0.675287 -0.548582 -5.72024 0.39318 1.3876 14.1164 0.262613 -0.236458 5.09996 0.8
79.2468 36.5203 4.35964 0.187616 -3.06488 -2.89337 -0.21506 1.00803 8.81919 -0.30412 -0.189784 -2.64862 2
79.3027 35.9408 3.76283 0.36245 -2.72221 -3.04601 -0.204644 1.18866 9.68003 0.0520798 0.903139 4.30416 0.2
79.3868 35.4295 3.1395 0.464432 -2.40793 -3.22506 -0.161166 1.33435 8.45494 0.217388 0.728428 -6.12545 0.2
79.9585 33.8996 0.133022 0.61224 -0.423361 -1.83969 -0.189252 1.57161 14.2895 -0.0280858 0.31287 5.83459 1