240 240 0 0 0 0 0 0 9.81 0 0 0 0
240.298 239.944 0.189562 1.53986 -0.384602 0.880223 -0.438867 -0.359083 13.5458 -0.731445 -0.598472 6.22637 0.6
244.595 237.732 2.60561 7.11843 -4.7716 4.24145 -0.553835 -0.786798 16.4585 -0.114968 -0.670049 2.91265 1
252.692 232.133 6.44362 13.2548 -8.69588 4.56651 -0.785577 -0.340494 11.0834 -0.713053 0.55788 -6.71887 0.8
261.867 226.552 8.69324 17.1401 -9.74306 2.70738 -0.785577 -0.176913 7.90284 -0.334004 0.272635 -5.3009 0.6
269.162 222.574 9.46714 19.3301 -10.1511 1.23483 -0.69114 -0.191544 8.6658 0.236092 -0.0365774 1.90741 0.4
290.747 211.665 9.77743 23.2906 -11.7624 -0.00147503 -0.255283 -0.629312 10.6769 0.435857 -0.437768 2.01107 1
324.102 194.656 10.9716 23.1758 -11.9746 2.03785 0.246394 -0.263798 12.0942 0.358341 0.261081 1.01237 1.4
350.684 179.236 19.9067 13.0221 -9.82044 11.545 0.574903 -0.170387 19.6587 0.234649 0.0667223 14.5939 1.4
359.073 171.484 34.9158 4.49533 -4.77941 18.5897 0.505765 -0.788672 19.6587 -0.0691373 -0.76965 12.9283 1
358.61 171.594 68.0368 -5.2845 5.06466 28.621 0.551211 -0.788672 19.6587 0.0324614 -0.527512 8.71459 1.4
349.414 180.545 105.837 -8.48719 8.28839 32.6033 -0.0773749 -0.788672 8.09743 -0.523822 -0.429752 -9.63437 1.2
338.63 190.979 143.895 -10.3382 9.73389 30.8154 0.526106 -0.615589 9.25912 0.5029 0.144236 0.968071 1.2
328.891 199.443 167.986 -14.3053 11.137 29.4269 0.637705 -0.0869057 10.0913 0.139499 0.660854 1.04018 0.8
303.266 217.795 208.552 -16.3348 11.5608 18.6518 -0.429134 -0.786838 -0.0214713 -0.666774 -0.465071 -9.37811 1.6
283.659 231.672 223.857 -16.3425 11.5686 6.85649 -0.45016 -0.786838 -0.0214713 -0.0175212 -0.305992 -11.2453 1.2
262.274 246.599 226.214 -12.8727 8.76682 -1.98748 -0.787135 -0.630039 9.50592 -0.368951 0.111999 6.80528 1.4
253.851 252.41 223.706 -8.0206 5.85758 -4.19032 -0.787135 -0.453092 10.4875 -0.596615 0.221184 1.22694 0.8
246.722 258.707 214.228 -5.39481 5.15217 -13.2294 -0.787135 0.486056 -0.0423181 -0.69217 0.782623 -14.1339 1.2
241.318 263.854 196.076 -5.41079 5.14514 -23.077 -0.0836284 0.294286 -0.0423181 0.703507 -0.19177 -14.6192 1
238.082 266.947 180.538 -5.34633 5.18239 -28.5814 -0.245207 0.613128 1.33932 -0.269298 0.531404 2.30273 0.6
230.236 275.884 133.673 -4.94676 5.53698 -24.5086 0.0967101 0.786402 19.6367 0.213698 0.343116 14.4643 1.6
226.926 278.864 120.245 -6.20058 4.28064 -21.0464 0.294121 0.786402 12.1313 0.329019 0.0674521 -12.509 0.6
203.656 276.534 90.1314 -19.2398 -8.78477 -8.83041 0.735882 0.786402 19.6239 0.220881 0.730462 12.9556 2
163.344 255.03 87.3319 -19.9898 -9.53633 5.97741 -0.670495 0.786402 19.6239 -0.781321 0.484014 6.8927 1.8
156.099 251.832 90.1394 -16.0971 -6.65091 7.98859 -0.702703 0.488995 18.7442 -0.0805204 -0.743517 -2.19935 0.4
145.041 246.917 101.381 -6.79045 -4.21043 15.1049 -0.340876 -0.030001 19.6579 0.361827 -0.518996 14.0567 1
140.563 241.922 124.254 -1.47241 -4.01115 21.7029 -0.213759 0.128604 12.2412 0.105931 0.13217 -6.1806 1.2
140.331 239.619 137.491 0.974316 -3.58845 22.1156 -0.546261 0.204862 10.4317 -0.55417 0.127097 -3.01582 0.6
140.618 238.922 141.885 1.82703 -3.38197 21.7683 -0.444803 0.275657 7.95376 0.507292 0.353975 -12.3896 0.2
143.34 235.732 160.431 2.96181 -3.14847 14.0518 -0.750905 -0.069926 -0.0150805 -0.306102 -0.345583 -13.1716 1
148.664 230.067 169.816 2.9568 -3.14707 -3.62097 0.305414 -0.786985 -0.00304745 0.586844 -0.605113 0.00668503 1.8
152.212 226.29 158.406 2.95796 -3.14803 -15.3963 0.548179 -0.605672 -0.00304745 0.202304 0.151094 -3.54521 1.2
153.987 224.401 147.402 2.9588 -3.14878 -21.2837 0.776812 -0.787234 -0.00304745 0.381055 -0.439263 -5.05035 0.6
155.751 222.467 128.079 0.681293 -0.96741 -25.972 0.785427 -0.752168 11.1639 0.0183958 0.0438321 13.9587 0.8
155.37 222.611 112.131 -1.56439 1.07402 -27.3071 0.360292 -0.717213 7.20562 -0.708558 0.0582587 -6.5971 0.6
153.991 223.541 95.6994 -3.13366 1.94483 -26.6081 0.195515 -0.307132 15.5804 -0.274629 0.683469 13.958 0.6
149.323 226.518 63.1777 -1.82525 2.31903 -20.5465 -0.34221 0.203521 13.1034 -0.384089 0.364752 -1.76933 1.4
150.408 229.757 36.1477 1.93532 1.46005 -11.6832 -0.000780795 -0.78769 18.1547 0.213393 -0.763449 3.15708 1.6
159.499 226.752 24.6215 10.4744 -7.11827 -3.9432 -0.786801 -0.78769 14.148 -0.529307 -0.735119 -2.22593 1.8
178.456 212.916 21.1928 14.3555 -10.6211 -0.370658 0.217189 -0.532968 12.7954 0.717136 0.181944 -0.966123 1.4
189.242 204.777 21.1703 12.7058 -9.83605 -0.415007 0.246084 -0.341491 7.24343 0.0361184 0.239346 -6.94001 0.8
191.749 202.823 21.0317 12.3605 -9.68596 -0.970335 0.277324 -0.475663 7.31984 0.156199 -0.670859 0.382087 0.2
198.794 197.144 20.3725 11.0821 -9.32008 -0.518203 0.152195 -0.0865995 14.2864 -0.208547 0.648438 11.611 0.6
208.221 188.377 23.1715 7.29384 -7.58248 6.96583 0.317616 -0.67571 19.623 0.165421 -0.58911 7.90605 1
213.07 177.76 38.026 -0.0779166 -5.6455 3.65333 0.786888 0.481565 -0.0218694 0.332032 0.64293 -11.6587 1.8
212.971 169.863 33.5093 -0.0667765 -5.63633 -10.1072 0.215083 0.786798 -0.0218694 -0.408433 0.456708 -7.26745 1.4
213.495 161.479 12.2959 2.21543 -3.34773 -11.9864 -0.451273 0.786798 17.9789 -0.416472 0.695234 11.2505 1.6
216.571 160.042 5.30353 4.76548 -0.962879 -5.01884 -0.0182817 0.688761 19.6335 0.541239 -0.122547 3.73226 0.8
219.104 159.247 3.68732 3.12594 -1.98114 -1.05583 0.430296 0.487829 14.1019 0.74763 -0.334887 -9.21943 0.6
220.375 157.797 3.33553 1.60661 -2.58621 -0.62462 0.0403134 0.157497 7.78868 -0.649972 -0.550553 -10.522 0.6
222.122 152.991 0.0973305 -0.163782 -2.38008 -2.04612 0.172651 -0.311682 10.6035 0.0661687 -0.23459 1.40741 2
