240 240 0 0 0 0 0 0 9.81 0 0 0 0
240.051 239.997 0.0133885 0.38403 -0.0329073 0.0941392 -0.189494 -0.127675 10.4032 -0.473735 -0.319187 1.48305 0.4
241.162 239.815 2.90675 0.670277 0.190006 6.70787 0.139321 -0.786892 19.6424 0.274013 -0.750532 8.36124 1.2
241.211 240.789 19.6888 0.174722 0.790888 15.7342 -0.0939202 0.0846824 12.9605 -0.166601 0.622553 -4.77277 1.4
241.528 241.425 33.4592 0.341287 0.836713 18.923 0.0622336 -0.449983 14.6622 0.195192 -0.668331 2.12709 0.8
241.571 241.603 37.3483 0.0421443 0.953851 20.006 0.14694 -0.316244 15.9663 0.42353 0.668692 6.52055 0.2
238.504 242.661 59.8352 -7.88054 0.308975 24.1817 0.785762 0.335235 17.0171 0.765057 0.651479 1.05079 1
211.152 239.214 101.228 -19.5153 -3.0276 18.6278 0.785762 0.183398 2.00964 0.0441195 -0.0843542 -8.33747 1.8
187.071 235.559 117.186 -20.3263 -3.01713 7.6742 0.785762 -0.430847 -0.00444945 0.590656 -0.511871 -1.7438 1.2
166.746 232.541 119.953 -20.3239 -3.0191 -2.13894 0.785762 -0.786439 -0.00444945 0.508146 -0.618419 -8.19517 1
142.358 228.916 110.321 -20.3218 -3.02118 -13.9154 0.389098 -0.786439 -0.00444945 -0.330553 -0.0434111 -7.6359 1.2
125.88 226.721 96.7696 -21.1639 -2.17737 -19.0694 0.430352 -0.786439 7.3695 0.0515671 -0.115168 9.21744 0.8
95.1053 224.82 70.7244 -21.4852 -1.85536 -15.7023 -0.279666 -0.786439 17.5606 -0.507156 -0.502207 7.27938 1.4
63.8823 214.014 56.2866 -12.4695 -10.8899 -0.589209 -0.462369 -0.786439 19.6514 -0.101501 -0.0620439 14.0952 1.8
50.8317 195.52 64.1557 -7.88007 -14.0149 12.309 0.0479344 -0.150504 19.6514 0.364502 0.454239 8.92135 1.4
43.405 181.208 79.6021 -6.48949 -15.0718 16.7512 -0.340279 -0.785546 9.24243 -0.388213 -0.74274 -10.409 1
39.7319 171.945 89.2755 -5.99193 -15.5695 15.1512 0.0498284 -0.785546 5.32542 0.650178 -0.353482 -6.52834 0.6
32.5771 153.236 101.652 -5.95566 -15.5968 4.57071 -0.681431 -0.0896013 -0.0183947 -0.609383 0.579954 -11.7447 1.2
21.839 125.172 93.9659 -5.97426 -15.5836 -13.1107 -0.788779 -0.788695 -0.0183947 -0.748938 -0.772479 -9.8009 1.8
13.5609 92.3476 64.5389 -4.46707 -17.3281 -8.82263 0.322223 0.527978 19.6417 0.555501 0.658337 13.3289 2
12.5619 88.8178 62.942 -5.51362 -17.9763 -7.19006 0.337947 0.581411 18.3545 0.0786215 0.267162 -6.43587 0.2
7.08885 73.8262 60.0887 -7.28992 -18.9821 0.297747 -0.0703908 0.316231 19.6281 -0.510423 -0.331474 6.53109 0.8
4.36874 66.3173 60.9159 -6.11292 -18.4223 3.64238 -0.289524 0.532204 17.3706 -0.547834 0.539931 -5.64353 0.4
1.67772 55.7615 64.2864 -2.50463 -16.7176 7.49901 -0.488025 0.364695 17.787 -0.330835 -0.279182 0.693983 0.6
5.60197 40.7972 76.8477 9.20761 -6.87173 13.0076 -0.786422 0.786012 19.6455 -0.615251 0.708096 5.38676 1.2
31.3482 33.7626 102.483 13.4842 -2.98006 6.57174 0.69454 0.446819 -0.000467095 0.740481 -0.169596 -12.9391 2
51.2962 29.2115 102.133 10.5799 -1.99384 -5.9529 0.787578 -0.711249 5.61774 0.689164 -0.723793 3.51138 1.6
65.6026 28.4177 84.8145 7.95726 0.454926 -16.0507 0.297096 -0.785625 2.77549 -0.306551 -0.0704987 -1.7764 1.6
70.2111 28.8566 74.0676 7.2871 1.12539 -19.4949 0.427654 -0.785625 5.96161 0.217596 -0.544243 5.3102 0.6
77.3659 31.1779 49.9667 4.73767 2.35223 -18.5928 0.0737292 -0.0441576 15.8087 -0.294937 0.61789 8.2059 1.2
80.322 32.9918 36.5402 2.17815 2.00564 -15.5824 0.40909 0.256061 12.2299 0.419201 0.375273 -4.47351 0.8
80.8796 33.6931 30.4327 0.765314 1.50816 -14.9309 0.223548 0.43924 11.8804 -0.463856 0.457947 -0.873643 0.4
80.974 33.9674 27.4931 0.120757 1.2094 -14.4124 0.331487 0.429692 13.9337 0.539698 -0.0477364 10.2664 0.2
80.9266 34.1755 24.6784 -0.541557 0.89239 -13.7332 0.210212 0.465957 13.4971 -0.606379 0.181321 -2.18327 0.2
80.4296 34.6198 16.8638 -0.734053 0.829888 -12.6718 -0.174245 0.706769 9.81237 -0.64076 0.401354 -6.14113 0.6
78.4759 34.8416 3.59255 -4.122 -2.5685 -4.30814 0.524202 0.785415 19.673 0.49889 0.664611 10.7963 1.4
77.5137 34.1992 2.87983 -5.49063 -3.80361 -2.79735 0.452214 0.680519 19.6573 -0.359939 -0.52448 -0.0787785 0.2
70.4273 28.8736 2.63819 -7.52269 -5.76051 0.616879 -0.114271 0.788358 7.72862 -0.566485 0.74372 -11.9286 1
68.9429 27.7408 2.73682 -7.27822 -5.52912 0.456602 -0.248136 0.736391 10.614 -0.669323 -0.259837 14.4269 0.2
67.5312 26.6746 2.83077 -6.81225 -5.11212 0.447232 -0.373155 0.724224 9.90249 -0.625097 -0.0608325 -3.55751 0.2
60.8284 23.2049 3.52199 0.997741 2.6059 0.621497 -0.628962 0.78544 12.7953 -0.127903 0.112323 1.4464 2
65.3893 30.2016 3.83165 2.82332 4.42788 -1.97373 0.405931 0.617458 4.60314 0.646808 -0.104989 -5.12009 1.6
67.0817 33.4567 1.40632 1.48185 3.84802 -2.89315 0.067438 0.160227 13.1834 -0.423117 -0.571538 10.7254 0.8
67.7645 35.679 0.0957329 0.846194 3.88077 -1.97906 0.282458 -0.786776 1.16748 0.10751 -0.693776 -6.00797 2
